1 768
1 1587
0 1522
1 1865
0 197
0 1709
1 1332
1 694
0 1548
0 1629
1 42
1 1679
0 10
0 10
0 1878
1 787
0 1416
0 1395
0 1016
0 850
1 887
0 1762
0 769
1 1307
0 1282
1 540
0 411
1 157
0 1293
0 842
0 1381
1 398
0 1687
1 920
1 1433
0 1749
1 1822
0 1666
1 1729
0 1143
1 630
0 871
0 1771
1 188
0 1441
1 1491
1 523
1 564
0 672
1 851
0 793
0 1712
0 1441
1 662
0 1641
1 273
0 681
1 74
0 1976
1 845
0 519
1 550
1 800
1 153
0 675
1 259
1 588
0 485
0 596
0 326
0 1090
0 1726
1 1337
1 566
1 470
0 2004
0 1945
0 1440
1 1375
0 309
1 998
0 1914
1 118
0 2020
1 1682
0 1110
0 1631
0 2031
0 834
0 1115
0 1980
0 780
0 727
0 201
1 1064
1 1077
1 2028
1 538
1 954
0 766
1 1410
1 54
1 470
0 316
0 1265
1 711
0 55
0 715
0 236
0 1176
1 932
0 1563
0 357
0 572
1 582
0 608
1 523
1 1854
1 100
0 622
0 226
1 1585
1 1700
0 1050
1 511
0 910
1 1499
1 1132
1 8
0 1513
1 329
1 1494
1 1650
1 790
1 204
0 1741
0 1457
0 368
1 861
0 885
0 1516
0 494
0 1626
1 410
0 1793
0 360
0 633
0 1201
0 260
1 621
1 1003
1 30
0 272
1 1275
1 1091
1 462
1 1383
1 1183
0 1322
0 320
1 161
0 1243
1 1303
1 335
0 298
1 1602
0 1851
0 500
1 62
0 406
1 1756
1 1930
0 1729
1 1764
0 1554
0 717
0 20
1 341
1 1453
0 1457
0 778
1 1346
0 1481
1 1856
1 254
0 108
1 687
1 518
0 205
1 708
1 1710
0 1343
0 739
1 1878
1 1306
0 1722
0 1579
1 905
0 1025
1 409
0 1710
0 1472
0 1106
0 960
0 1162
0 498
1 1920
0 760
1 1586
0 919
1 1429
0 489
1 1736
1 1314
1 1547
0 124
1 1859
1 341
1 1183
1 130
1 1711
1 77
1 742
1 480
0 1812
0 1207
1 394
1 46
0 424
1 185
0 11
0 2000
0 1325
0 1325
0 1442
1 671
1 1189
0 1691
1 185
0 127
0 1647
1 442
1 166
0 767
0 1382
1 1868
1 779
1 1909
0 442
0 1549
1 1214
1 728
1 2007
0 1287
0 1855
1 132
