1 243
1 1162
0 1472
0 1833
0 1360
1 1001
1 1373
1 160
0 76
1 879
0 1917
1 76
1 959
0 670
1 1004
0 715
1 1006
0 898
1 1283
0 1414
1 437
0 214
1 1724
1 1789
0 1199
0 578
1 1773
0 884
1 1301
1 1790
0 1513
1 107
0 476
1 1621
1 1100
0 460
0 169
1 745
0 1076
0 645
0 1780
0 1441
1 1959
1 1145
0 761
0 740
1 776
1 434
0 1282
1 1007
0 1772
0 1378
0 452
0 92
0 207
0 1607
0 682
1 1077
1 497
0 1466
0 421
0 1994
1 2037
1 1833
0 331
0 767
0 1583
1 1289
0 1909
1 1051
1 616
1 1739
0 997
1 342
0 66
0 1122
1 1897
1 1542
0 1717
0 573
0 786
1 1142
1 1405
0 1396
1 731
0 270
0 783
0 702
1 14
0 1524
0 1490
0 2015
1 1590
0 407
1 1288
0 962
0 1580
0 1074
0 523
1 1671
1 1513
1 152
0 1658
1 831
1 347
0 2013
1 805
0 907
0 1387
1 283
1 278
1 1923
0 1336
0 309
0 382
1 1560
1 1753
0 73
0 1977
1 1088
0 600
0 1734
0 1912
0 1612
0 1044
1 1115
1 216
1 1805
0 1249
0 824
0 1988
0 212
0 855
0 607
0 177
0 1019
1 1862
1 1393
1 1119
0 1142
1 1295
0 1933
0 921
0 1446
0 343
0 1548
0 1631
0 492
1 276
1 1037
0 517
0 83
0 1558
0 225
0 1988
1 1357
1 1589
1 770
0 500
1 1082
0 1832
0 82
1 1071
1 1641
0 1767
0 68
0 847
1 556
1 1699
1 1069
1 1882
1 754
1 1865
0 1689
1 354
0 1082
1 164
0 1744
0 1806
1 1537
0 139
0 119
0 717
1 1028
0 1057
1 317
1 1076
1 991
0 1843
0 488
0 1627
1 1588
0 1083
1 351
1 1147
1 1572
0 1869
0 1166
0 1353
1 1486
1 407
1 1090
1 853
1 816
0 1340
0 562
0 520
0 1620
1 1194
0 1050
0 468
1 528
0 997
1 639
0 421
0 1556
1 283
0 1534
1 200
1 1953
1 1898
1 892
1 1800
1 1273
1 503
1 884
1 1092
1 638
0 96
1 192
1 425
1 1014
1 1263
1 800
0 1441
0 1080
0 1871
1 1666
0 995
0 1713
1 668
1 577
0 945
0 1315
0 1474
0 560
0 77
0 1188
0 275
0 918
0 1958
0 97
1 1517
0 362
0 1450
1 752
