212
1 1614
1 1056
0 1226
0 73
0 1662
0 385
0 1239
1 1917
0 64
0 87
1 1462
0 904
1 322
1 1595
0 317
0 1678
0 787
0 187
1 383
1 851
0 1449
0 962
0 116
1 701
0 986
1 863
1 1239
0 654
1 1701
1 1463
1 1221
1 1591
1 1406
0 1821
0 217
1 1279
1 252
1 292
1 1078
0 1580
0 1604
1 1285
1 798
0 1917
1 1815
0 1870
0 377
1 754
0 1465
1 1703
1 1461
1 1425
0 863
0 1663
1 1148
1 827
1 921
0 111
0 580
1 269
1 1730
1 756
1 1139
1 503
1 499
1 955
1 1300
0 1982
1 994
1 380
0 1295
0 328
0 1100
1 1682
0 212
0 1543
0 1388
1 1004
1 1163
0 646
0 1695
1 1704
1 112
1 1794
0 675
1 250
0 121
0 170
0 1914
1 1045
1 2033
1 39
1 15
0 600
0 656
1 1933
0 225
1 1169
1 891
0 628
1 1871
1 324
0 1173
1 1936
1 653
0 829
1 1349
0 2000
0 1948
0 1645
0 1459
1 1335
0 1619
0 828
1 348
1 1075
1 1854
1 738
0 1333
1 607
1 1361
0 534
1 619
1 1529
1 1277
0 1725
0 410
0 1468
1 1157
1 553
0 1237
1 609
0 855
1 1943
1 72
1 1591
1 964
0 1100
1 1061
0 120
1 473
1 1777
0 1895
1 1623
0 631
1 1388
1 213
0 1284
1 2042
1 1445
0 2034
1 680
0 1776
0 194
0 566
1 964
1 890
0 491
0 5
1 188
1 482
1 1864
0 639
0 1207
1 1704
1 639
0 876
1 578
0 320
0 1985
0 1300
0 225
1 126
0 1752
0 1687
0 1490
0 452
0 732
1 1205
1 701
0 1809
1 337
0 328
1 623
1 589
0 680
0 1626
0 927
0 600
1 1901
0 851
1 1670
0 1306
0 923
1 1604
1 400
1 691
1 746
1 1174
0 825
1 498
1 1528
1 1707
0 1448
1 1300
0 909
1 1307
1 1629
1 1504
1 1285
0 126
1 918
0 300
0 1930
0 1509
0 1228
0 1173
1 101
0 1501
1 1943
1 1673
0 607
0 1286
0 543
0 1025
1 40
0 657
1 1724
1 171
1 1873
0 1935
1 1442
0 1329
0 1617
1 1377
1 130
0 1051
0 788
1 1918
0 555
0 1472
0 728
1 160
0 1875
1 733
1 88
1 1296
1 1988
0 484
0 1266
1 1961
0 1456
0 1329
0 1770
0 1722
1 1901
